approach_mission:
  waypoint_1:
    x_m: 3.8070383071899414
    y_m: -0.18849527835845947
    yaw_rad: -0.09636283665895462
explore_mission:
  waypoint_2:
    x_m: 4.030954837799072
    y_m: 0.9911928772926331
    yaw_rad: 1.5475338697433474
  waypoint_3:
    x_m: 3.203641414642334
    y_m: 5.685785293579102
    yaw_rad: 3.0410170555114746
return_mission:
  waypoint_4:
    x_m: 0.19549560546875
    y_m: 5.3920416831970215
    yaw_rad: 1.4893168210983279
