test_mission:
  waypoint_1:
    x_m: -2.1149420738220215
    y_m: -1.7850098609924316
    yaw_rad: -1.2261348962783816
  waypoint_2:
    x_m: -2.6878175735473633
    y_m: -1.0029168128967285
    yaw_rad: -2.7218570709228516
