test_mission:
  waypoint_1:
    x_m: 2.315277576446533
    y_m: 2.0734825134277344
    yaw_rad: 2.6992733478546143
  waypoint_2:
    x_m: -2.8072509765625
    y_m: 0.7318484783172607
    yaw_rad: -1.3870023488998415